angle1-00000100.png : 0.4910853937505513 
angle1-00000150.png : 0.5209827887696721 
noise1-00006400.png : 0.29813735165262767 
out1-00009300.png : 0.36037736278859395 
